

 Normalizing scalar = 0.008264462809917356
[1.0, 1.0, 1.0, 1.0, 1.0, 1.0, 1.0, 1.0, 1.0, 1.0, 1.0, ]
[1.0, 1.0, 1.0, 1.0, 1.0, 1.0, 1.0, 1.0, 1.0, 1.0, 1.0, ]
[1.0, 1.0, 1.0, 1.0, 1.0, 1.0, 1.0, 1.0, 1.0, 1.0, 1.0, ]
[1.0, 1.0, 1.0, 1.0, 1.0, 1.0, 1.0, 1.0, 1.0, 1.0, 1.0, ]
[1.0, 1.0, 1.0, 1.0, 1.0, 1.0, 1.0, 1.0, 1.0, 1.0, 1.0, ]
[1.0, 1.0, 1.0, 1.0, 1.0, 1.0, 1.0, 1.0, 1.0, 1.0, 1.0, ]
[1.0, 1.0, 1.0, 1.0, 1.0, 1.0, 1.0, 1.0, 1.0, 1.0, 1.0, ]
[1.0, 1.0, 1.0, 1.0, 1.0, 1.0, 1.0, 1.0, 1.0, 1.0, 1.0, ]
[1.0, 1.0, 1.0, 1.0, 1.0, 1.0, 1.0, 1.0, 1.0, 1.0, 1.0, ]
[1.0, 1.0, 1.0, 1.0, 1.0, 1.0, 1.0, 1.0, 1.0, 1.0, 1.0, ]
[1.0, 1.0, 1.0, 1.0, 1.0, 1.0, 1.0, 1.0, 1.0, 1.0, 1.0, ]

now Saving : BoxBlur11.png




 Normalizing scalar = 1.1450778111578592
[0.0010995223491546435, 0.0018128058846614335, 0.0026745061496414213, 0.0035308637313793104, 0.004171222635474598, 0.004409515177532111, 0.004171222635474598, 0.0035308637313793104, 0.0026745061496414213, 0.0018128058846614335, 0.0010995223491546435, ]
[0.0018128058846614335, 0.0029888116216916683, 0.004409515177532111, 0.005821410137868691, 0.006877183483932815, 0.007270061466672242, 0.006877183483932815, 0.005821410137868691, 0.004409515177532111, 0.0029888116216916683, 0.0018128058846614335, ]
[0.0026745061496414213, 0.004409515177532111, 0.006505536836035465, 0.008588562815826544, 0.010146188114027382, 0.010725816958894883, 0.010146188114027382, 0.008588562815826544, 0.006505536836035465, 0.004409515177532111, 0.0026745061496414213, ]
[0.0035308637313793104, 0.005821410137868691, 0.008588562815826544, 0.011338558692467644, 0.013394924378234935, 0.014160146199197409, 0.013394924378234935, 0.011338558692467644, 0.008588562815826544, 0.005821410137868691, 0.0035308637313793104, ]
[0.004171222635474598, 0.006877183483932815, 0.010146188114027382, 0.013394924378234935, 0.01582423339377573, 0.01672823616012176, 0.01582423339377573, 0.013394924378234935, 0.010146188114027382, 0.006877183483932815, 0.004171222635474598, ]
[0.004409515177532111, 0.007270061466672242, 0.010725816958894883, 0.014160146199197409, 0.01672823616012176, 0.017683882565766154, 0.01672823616012176, 0.014160146199197409, 0.010725816958894883, 0.007270061466672242, 0.004409515177532111, ]
[0.004171222635474598, 0.006877183483932815, 0.010146188114027382, 0.013394924378234935, 0.01582423339377573, 0.01672823616012176, 0.01582423339377573, 0.013394924378234935, 0.010146188114027382, 0.006877183483932815, 0.004171222635474598, ]
[0.0035308637313793104, 0.005821410137868691, 0.008588562815826544, 0.011338558692467644, 0.013394924378234935, 0.014160146199197409, 0.013394924378234935, 0.011338558692467644, 0.008588562815826544, 0.005821410137868691, 0.0035308637313793104, ]
[0.0026745061496414213, 0.004409515177532111, 0.006505536836035465, 0.008588562815826544, 0.010146188114027382, 0.010725816958894883, 0.010146188114027382, 0.008588562815826544, 0.006505536836035465, 0.004409515177532111, 0.0026745061496414213, ]
[0.0018128058846614335, 0.0029888116216916683, 0.004409515177532111, 0.005821410137868691, 0.006877183483932815, 0.007270061466672242, 0.006877183483932815, 0.005821410137868691, 0.004409515177532111, 0.0029888116216916683, 0.0018128058846614335, ]
[0.0010995223491546435, 0.0018128058846614335, 0.0026745061496414213, 0.0035308637313793104, 0.004171222635474598, 0.004409515177532111, 0.004171222635474598, 0.0035308637313793104, 0.0026745061496414213, 0.0018128058846614335, 0.0010995223491546435, ]

now Saving : Gaussian11.png





Normalizing scalar = 0.012345679012345678
[1.0, 1.0, 1.0, 1.0, 1.0, 1.0, 1.0, 1.0, 1.0, ]
[1.0, 1.0, 1.0, 1.0, 1.0, 1.0, 1.0, 1.0, 1.0, ]
[1.0, 1.0, 1.0, 1.0, 1.0, 1.0, 1.0, 1.0, 1.0, ]
[1.0, 1.0, 1.0, 1.0, 1.0, 1.0, 1.0, 1.0, 1.0, ]
[1.0, 1.0, 1.0, 1.0, 1.0, 1.0, 1.0, 1.0, 1.0, ]
[1.0, 1.0, 1.0, 1.0, 1.0, 1.0, 1.0, 1.0, 1.0, ]
[1.0, 1.0, 1.0, 1.0, 1.0, 1.0, 1.0, 1.0, 1.0, ]
[1.0, 1.0, 1.0, 1.0, 1.0, 1.0, 1.0, 1.0, 1.0, ]
[1.0, 1.0, 1.0, 1.0, 1.0, 1.0, 1.0, 1.0, 1.0, ]

now Saving : BoxBlur9.png



 Normalizing scalar = 1.3266967350331411
[0.0029888116216916683, 0.004409515177532111, 0.005821410137868691, 0.006877183483932815, 0.007270061466672242, 0.006877183483932815, 0.005821410137868691, 0.004409515177532111, 0.0029888116216916683, ]
[0.004409515177532111, 0.006505536836035465, 0.008588562815826544, 0.010146188114027382, 0.010725816958894883, 0.010146188114027382, 0.008588562815826544, 0.006505536836035465, 0.004409515177532111, ]
[0.005821410137868691, 0.008588562815826544, 0.011338558692467644, 0.013394924378234935, 0.014160146199197409, 0.013394924378234935, 0.011338558692467644, 0.008588562815826544, 0.005821410137868691, ]
[0.006877183483932815, 0.010146188114027382, 0.013394924378234935, 0.01582423339377573, 0.01672823616012176, 0.01582423339377573, 0.013394924378234935, 0.010146188114027382, 0.006877183483932815, ]
[0.007270061466672242, 0.010725816958894883, 0.014160146199197409, 0.01672823616012176, 0.017683882565766154, 0.01672823616012176, 0.014160146199197409, 0.010725816958894883, 0.007270061466672242, ]
[0.006877183483932815, 0.010146188114027382, 0.013394924378234935, 0.01582423339377573, 0.01672823616012176, 0.01582423339377573, 0.013394924378234935, 0.010146188114027382, 0.006877183483932815, ]
[0.005821410137868691, 0.008588562815826544, 0.011338558692467644, 0.013394924378234935, 0.014160146199197409, 0.013394924378234935, 0.011338558692467644, 0.008588562815826544, 0.005821410137868691, ]
[0.004409515177532111, 0.006505536836035465, 0.008588562815826544, 0.010146188114027382, 0.010725816958894883, 0.010146188114027382, 0.008588562815826544, 0.006505536836035465, 0.004409515177532111, ]
[0.0029888116216916683, 0.004409515177532111, 0.005821410137868691, 0.006877183483932815, 0.007270061466672242, 0.006877183483932815, 0.005821410137868691, 0.004409515177532111, 0.0029888116216916683, ]

now Saving : Gaussian9.png




 Normalizing scalar = 0.02040816326530612
[1.0, 1.0, 1.0, 1.0, 1.0, 1.0, 1.0, ]
[1.0, 1.0, 1.0, 1.0, 1.0, 1.0, 1.0, ]
[1.0, 1.0, 1.0, 1.0, 1.0, 1.0, 1.0, ]
[1.0, 1.0, 1.0, 1.0, 1.0, 1.0, 1.0, ]
[1.0, 1.0, 1.0, 1.0, 1.0, 1.0, 1.0, ]
[1.0, 1.0, 1.0, 1.0, 1.0, 1.0, 1.0, ]
[1.0, 1.0, 1.0, 1.0, 1.0, 1.0, 1.0, ]

now Saving : BoxBlur7.png



 Normalizing scalar = 1.1737436948335895
[0.004193701896768355, 0.007834866615313322, 0.01139966365995965, 0.012917511241765392, 0.01139966365995965, 0.007834866615313322, 0.004193701896768355, ]
[0.007834866615313322, 0.014637457881079792, 0.02129737554880663, 0.02413308815751348, 0.02129737554880663, 0.014637457881079792, 0.007834866615313322, ]
[0.01139966365995965, 0.02129737554880663, 0.03098749857741325, 0.0351134360774063, 0.03098749857741325, 0.02129737554880663, 0.01139966365995965, ]
[0.012917511241765392, 0.02413308815751348, 0.0351134360774063, 0.039788735772973836, 0.0351134360774063, 0.02413308815751348, 0.012917511241765392, ]
[0.01139966365995965, 0.02129737554880663, 0.03098749857741325, 0.0351134360774063, 0.03098749857741325, 0.02129737554880663, 0.01139966365995965, ]
[0.007834866615313322, 0.014637457881079792, 0.02129737554880663, 0.02413308815751348, 0.02129737554880663, 0.014637457881079792, 0.007834866615313322, ]
[0.004193701896768355, 0.007834866615313322, 0.01139966365995965, 0.012917511241765392, 0.01139966365995965, 0.007834866615313322, 0.004193701896768355, ]

now Saving : Gaussian7.png



 Normalizing scalar = 0.1111111111111111
[1.0, 1.0, 1.0, ]
[1.0, 1.0, 1.0, ]
[1.0, 1.0, 1.0, ]

now Saving : BoxBlur3.png



 Normalizing scalar = 1.282900496868423
[0.05854983152431917, 0.09653235263005391, 0.05854983152431917, ]
[0.09653235263005391, 0.15915494309189535, 0.09653235263005391, ]
[0.05854983152431917, 0.09653235263005391, 0.05854983152431917, ]

now Saving : Gaussian3.png



 Normalizing scalar = 2.2059881844264977
[0.06475879783294587, 0.06475879783294587, 0.06475879783294587, 0.06475879783294587, 0.06475879783294587, 0.06475879783294587, 0.06475879783294587, ]

now Saving : GaussianX.png



 Normalizing scalar = 2.2059881844264977
[0.06475879783294587, ]
[0.06475879783294587, ]
[0.06475879783294587, ]
[0.06475879783294587, ]
[0.06475879783294587, ]
[0.06475879783294587, ]
[0.06475879783294587, ]

now Saving : GaussianY.png



 Normalizing scalar = 1.0
[0.0, -1.0, 0.0, ]
[-1.0, 5.0, -1.0, ]
[0.0, -1.0, 0.0, ]

now Saving : Sharpen.png



 Normalizing scalar = 1.0
[-1.0, 0.0, 1.0, ]
[-2.0, 0.0, 2.0, ]
[-1.0, 0.0, 1.0, ]

now Saving : SobelX.png



 Normalizing scalar = 1.0
[-1.0, -2.0, -1.0, ]
[0.0, 0.0, 0.0, ]
[1.0, 2.0, 1.0, ]

now Saving : SobelY.png

